
                 ROTATOR(deg) 
               hour angle (hr) 
dec   0.00   0.50   1.00   1.50   2.00   2.50   3.00   3.50   4.00
-45   -0.0    7.8   15.4   22.8   30.0   36.7   43.1   49.2   54.9
-35   -0.0    8.6   16.9   24.9   32.3   39.1   45.3   50.9   56.1
-25   -0.0    9.9   19.4   28.1   35.8   42.6   48.5   53.6   58.1
-15   -0.0   12.2   23.4   33.1   41.1   47.7   53.1   57.5   61.1
 -5   -0.0   16.3   30.3   41.0   49.0   54.9   59.2   62.5   65.1
  5   -0.0   25.6   43.3   53.9   60.4   64.5   67.2   68.9   70.0
 15   -0.0   54.9   69.2   74.1   76.1   76.8   76.8   76.5   75.8
 25  180.0  125.3  107.5   99.4   94.5   90.8   87.7   85.0   82.4
 35  180.0  154.5  135.0  121.5  111.9  104.7   98.9   93.9   89.4
 45  180.0  163.7  148.8  136.1  125.6  116.7  109.1  102.5   96.5
 55  180.0  167.8  156.1  145.2  135.1  126.0  117.8  110.2  103.2
 65  180.0  170.1  160.3  150.8  141.7  132.9  124.6  116.7  109.2
 75  180.0  171.4  162.9  154.4  146.1  137.9  129.8  121.9  114.2
 85  180.0  172.2  164.5  156.7  149.0  141.3  133.6  125.9  118.3


                 ROTATOR(deg) 
               hour angle (hr) 
dec   0.00  -0.50  -1.00  -1.50  -2.00  -2.50  -3.00  -3.50  -4.00
-45   -0.0   -7.8  -15.4  -22.8  -30.0  -36.7  -43.1  -49.2  -54.9
-35   -0.0   -8.6  -16.9  -24.9  -32.3  -39.1  -45.3  -50.9  -56.1
-25   -0.0   -9.9  -19.4  -28.1  -35.8  -42.6  -48.5  -53.6  -58.1
-15   -0.0  -12.2  -23.4  -33.1  -41.1  -47.7  -53.1  -57.5  -61.1
 -5   -0.0  -16.3  -30.3  -41.0  -49.0  -54.9  -59.2  -62.5  -65.1
  5   -0.0  -25.6  -43.3  -53.9  -60.4  -64.5  -67.2  -68.9  -70.0
 15   -0.0  -54.9  -69.2  -74.1  -76.1  -76.8  -76.8  -76.5  -75.8
 25  180.0  234.7  252.5  260.6  265.5  269.2  272.3  275.0  277.6
 35  180.0  205.5  225.0  238.5  248.1  255.3  261.1  266.1  270.6
 45  180.0  196.3  211.2  223.9  234.4  243.3  250.9  257.5  263.5
 55  180.0  192.2  203.9  214.8  224.9  234.0  242.2  249.8  256.8
 65  180.0  189.9  199.7  209.2  218.3  227.1  235.4  243.3  250.8
 75  180.0  188.6  197.1  205.6  213.9  222.1  230.2  238.1  245.8
 85  180.0  187.8  195.5  203.3  211.0  218.7  226.4  234.1  241.7


            ROTATOR RATE(deg/hr) 
               hour angle (hr) 
dec   0.00   0.50   1.00   1.50   2.00   2.50   3.00   3.50   4.00
-45   15.6   15.5   15.1   14.6   13.9   13.2   12.4   11.8   11.2
-35   17.3   17.0   16.3   15.3   14.2   13.0   11.8   10.8    9.9
-25   20.0   19.5   18.2   16.4   14.5   12.6   11.0    9.6    8.5
-15   24.7   23.7   21.0   17.7   14.6   11.9    9.7    8.0    6.6
 -5   33.6   30.8   24.7   18.5   13.6   10.1    7.6    5.7    4.4
  5   55.1   44.1   27.3   16.4   10.2    6.5    4.3    2.7    1.6
 15  167.7   51.0   15.2    6.0    2.4    0.7   -0.4   -1.1   -1.6
 25 -156.5  -57.9  -21.8  -12.0   -8.3   -6.6   -5.7   -5.3   -5.1
 35  -53.9  -45.9  -32.3  -22.4  -16.4  -12.8  -10.7   -9.3   -8.5
 45  -33.2  -31.5  -27.6  -23.2  -19.3  -16.3  -14.1  -12.5  -11.4
 55  -24.5  -24.0  -22.7  -21.0  -19.1  -17.3  -15.8  -14.6  -13.6
 65  -19.9  -19.7  -19.3  -18.7  -17.9  -17.0  -16.2  -15.5  -14.8
 75  -17.2  -17.1  -17.0  -16.8  -16.5  -16.2  -15.9  -15.6  -15.3
 85  -15.5  -15.5  -15.5  -15.5  -15.4  -15.4  -15.3  -15.3  -15.2

